bvap	ovap	Bosley	Roberts	Ribaudo	Villa	NoVote
855	9	236	22	13	7	586
1063	48	292	28	11	11	769
770	17	145	13	5	11	613
513	13	146	9	4	2	365
823	9	152	16	1	5	658
492	16	185	10	4	10	299
870	17	201	17	3	6	660
884	21	247	21	8	6	623
489	10	162	3	1	4	329
651	24	204	9	7	11	444
888	9	221	16	6	13	641
848	18	235	28	2	8	593
957	352	160	12	10	29	1098
567	566	39	15	16	49	1014
552	84	247	20	13	27	329
268	579	97	17	14	96	623
265	364	91	11	13	66	448
383	184	153	14	14	32	354
250	623	101	22	14	68	668
212	608	71	18	14	68	649
771	192	313	33	14	40	563
504	314	159	22	14	79	544
595	84	299	25	4	33	318
602	63	282	20	1	21	341
806	5	263	29	11	11	497
247	7	81	15	3	2	153
578	130	134	10	4	9	551
358	4	82	2	7	0	271
583	84	131	9	11	4	512
575	571	102	20	30	31	963
707	18	161	5	0	4	555
844	12	227	14	4	5	606
936	65	154	9	7	12	819
760	8	195	15	9	5	544
477	105	129	9	2	11	431
817	35	208	16	2	12	614
840	8	171	25	18	8	626
853	5	201	11	22	7	617
859	6	214	20	14	12	605
860	18	286	17	31	10	534
947	13	285	19	22	6	628
352	3	83	11	7	1	253
475	7	138	8	6	9	321
773	6	164	6	13	6	590
1245	6	330	30	20	13	858
761	7	145	12	9	7	595
752	6	158	10	11	7	572
620	7	203	25	11	14	374
1063	397	188	21	30	26	1195
910	22	247	26	21	3	635
1248	236	286	12	15	32	1139
970	27	140	11	31	2	813
898	20	155	11	20	8	724
827	63	179	16	13	4	678
252	510	62	9	29	37	625
468	611	104	10	23	52	890
196	56	39	5	4	6	198
308	1059	144	27	42	139	1015
271	1020	133	37	24	144	953
378	712	162	36	24	148	720
674	82	136	12	6	16	586
792	286	288	24	7	38	721
214	893	201	41	33	171	661
384	707	171	46	10	148	716
1106	401	211	23	12	56	1205
147	595	64	16	20	119	523
896	300	184	21	12	79	900
166	551	49	14	29	63	562
388	612	82	8	27	59	824
419	779	127	19	40	91	921
222	798	74	22	35	109	780
68	778	98	30	38	122	558
159	1191	127	27	34	108	1054
169	667	68	18	11	85	654
66	420	42	10	12	50	372
747	140	125	17	4	19	722
361	749	176	19	37	47	831
613	419	185	13	10	73	751
25	781	35	16	103	100	552
39	565	68	22	45	86	383
227	710	114	18	45	67	693
261	677	129	29	16	99	665
144	398	75	15	17	50	385
9	78	7	6	4	19	51
157	419	80	13	7	54	422
270	922	151	22	41	127	851
40	171	44	12	8	31	116
544	478	186	33	30	48	725
312	655	151	30	32	72	682
177	191	62	10	10	21	265
552	55	60	5	7	8	527
240	58	29	5	5	17	242
444	85	101	14	6	9	399
193	137	94	7	6	13	210
14	302	19	18	8	54	217
265	1405	89	22	27	148	1384
91	1157	56	18	30	148	996
178	704	35	8	24	116	699
125	853	110	32	38	153	645
136	896	56	26	27	106	817
250	1485	65	26	46	171	1427
117	865	35	7	18	124	798
63	775	35	12	35	97	659
95	456	21	5	16	45	464
34	340	6	3	4	32	329
26	612	12	12	10	100	504
261	1853	61	28	37	201	1787
20	311	10	7	4	47	263
246	1639	66	18	62	128	1611
67	1207	32	14	47	177	1004
61	884	41	20	34	122	728
105	1202	61	15	39	154	1038
37	1071	21	9	26	132	920
33	794	38	10	38	93	648
30	1230	16	9	67	234	934
19	1128	18	14	39	240	836
17	981	13	6	21	228	730
18	836	22	16	18	237	561
45	1107	34	19	50	295	754
62	1384	32	10	34	188	1182
32	1010	23	11	28	193	787
10	766	30	28	33	247	438
112	658	82	13	24	224	427
11	754	29	13	20	334	369
43	1181	17	10	44	228	925
0	1349	18	26	137	368	800
0	592	12	9	85	252	234
1	971	27	21	74	272	578
0	637	14	22	61	208	332
3	1537	31	33	141	622	713
1	780	21	19	42	242	457
3	988	11	13	68	212	687
0	587	7	14	70	200	296
1	714	19	19	47	248	382
1	839	25	16	36	213	550
0	789	22	18	58	219	472
1	1081	21	26	73	209	753
1	644	12	24	56	193	360
5	696	18	25	52	153	453
0	137	3	3	13	18	100
12	1306	18	22	31	207	1040
18	1055	36	30	26	277	704
17	898	23	13	35	176	668
19	958	28	14	43	159	733
26	847	16	14	20	158	665
8	1053	27	30	42	255	707
22	971	32	22	45	227	667
9	812	26	12	37	228	518
0	678	20	13	27	308	310
3	714	7	19	34	173	484
0	704	13	12	41	149	489
1	704	6	16	38	216	429
0	684	16	16	29	261	362
0	767	20	12	79	193	463
1	769	24	12	59	149	526
0	595	13	19	34	139	390
2	587	23	13	47	144	362
1	921	28	30	80	201	583
0	681	26	32	63	147	413
0	685	22	24	41	199	399
17	924	29	18	50	170	674
13	802	19	21	44	219	512
2	973	15	20	47	210	683
3	955	17	26	59	282	574
0	788	23	28	66	158	513
16	958	21	19	64	225	645
21	1009	19	24	37	138	812
57	1229	54	40	67	130	995
64	849	86	32	46	127	622
57	906	84	42	60	114	663
26	1167	28	17	50	153	945
12	904	17	14	67	172	646
25	741	39	15	58	152	502
37	861	80	28	60	122	608
63	810	50	38	52	89	644
25	886	35	19	80	116	661
13	1117	39	26	96	206	763
67	612	41	13	33	48	544
2	676	13	22	58	176	409
1	642	24	23	60	209	327
0	569	15	9	60	174	311
1	689	23	23	76	203	365
0	714	14	19	80	172	429
4	744	24	13	77	204	430
0	699	23	21	57	235	363
0	723	16	16	67	254	370
2	693	18	23	52	304	298
0	683	13	21	51	265	333
2	753	35	28	65	283	344
1	584	8	16	47	254	260
0	367	9	13	34	162	149
0	647	17	18	39	258	315
3	800	27	23	59	188	506
18	773	25	19	57	183	507
1	1009	24	14	96	239	637
0	392	9	5	44	143	191
260	388	64	4	11	87	482
132	608	56	8	1	29	646
758	2352	486	86	53	423	2062
372	1837	142	19	21	93	1934
368	290	135	20	7	50	446
927	485	201	28	22	90	1071
506	512	187	20	12	99	700
213	1291	74	19	127	133	1151
99	6	7	4	0	2	92
126	30	20	0	0	0	136
133	508	30	2	24	173	412
200	112	31	0	5	13	263
222	56	55	1	1	1	220
1115	112	310	38	15	14	850
33	176	40	2	0	16	151
925	7	240	20	2	7	663
809	9	229	19	1	6	563
710	15	186	15	2	8	514
115	1	30	2	0	0	84
861	20	242	24	3	11	601
284	6	97	8	5	7	173
812	9	242	23	11	6	539
1038	7	269	26	8	4	738
759	7	209	20	3	9	525
966	4	215	11	3	5	736
840	12	255	24	8	8	557
1116	91	318	25	3	15	846
894	3	207	18	12	10	650
501	8	117	9	9	15	359
388	3	68	10	2	5	306
499	3	122	5	5	4	366
557	5	129	12	7	6	408
531	1804	168	23	12	59	2073
620	47	127	17	11	5	507
1152	16	299	32	15	11	811
176	430	46	14	3	18	525
549	3	176	33	7	10	326
782	3	302	48	6	13	416
894	1	308	40	7	10	530
760	4	226	45	6	10	477
560	6	183	29	5	5	344
724	9	270	39	8	13	403
758	4	252	34	20	14	442
668	6	240	25	7	12	390
925	10	269	47	12	10	597
761	7	240	38	5	10	475
934	20	264	56	17	15	602
538	19	192	42	9	3	311
743	4	278	29	12	8	420
555	8	219	25	6	6	307
647	9	221	24	7	14	390
185	1	43	1	1	9	132
745	7	289	24	10	8	421
912	14	274	10	4	13	625
775	5	237	22	8	9	504
776	8	261	19	3	6	495
850	15	305	30	9	5	516
740	17	300	31	7	12	407
752	10	246	26	2	12	476
864	10	267	17	4	11	575
855	79	272	27	3	3	629
581	11	242	18	4	8	320
868	5	258	23	6	16	570
757	12	245	24	2	11	487
1439	10	427	46	13	15	948
671	17	166	9	2	7	504
855	4	231	20	6	7	595
668	10	193	19	2	4	460
588	3	167	12	2	16	394
1139	9	326	18	4	12	788
710	2	201	17	4	6	484
874	11	186	11	3	4	681
1030	12	271	18	4	8	741
883	19	185	32	4	7	674
1	806	27	26	129	121	504
2	724	23	14	93	132	464
118	1158	62	37	140	228	809
11	691	32	13	46	142	469
3	709	17	18	58	206	413
0	668	16	21	41	241	349
1	684	15	24	81	201	364
3	1401	39	49	154	466	696
5	630	21	15	49	97	453
3	809	28	27	101	189	467
1	869	29	32	130	258	421
0	589	17	27	82	216	247
1	591	17	20	77	205	273
6	873	27	26	81	227	518
0	638	19	15	102	131	371
29	852	11	11	179	94	586
14	1194	29	12	470	114	583
0	764	7	4	309	87	357
3	754	7	5	253	47	445
8	897	26	20	152	131	576
1	808	32	26	139	138	474
8	830	22	18	81	125	592
43	685	15	12	43	64	594
72	790	41	20	55	108	638
18	645	38	16	48	124	437
30	786	22	16	86	147	545
64	1028	62	30	61	117	822
6	821	28	27	120	134	518
27	816	35	22	80	81	625
36	1207	38	25	40	176	964
26	1031	30	27	43	225	732
0	360	3	5	9	59	284
327	692	64	24	28	113	790
17	945	17	35	48	237	625
23	1186	24	29	52	201	903
35	305	11	11	8	34	276
23	914	25	13	37	138	724
16	1426	50	34	54	206	1098
0	672	16	35	69	213	339
1	822	15	28	60	221	499
1	887	20	23	50	154	641
2	766	27	26	69	141	505
898	5	238	30	7	7	621
709	5	190	35	7	11	471
745	437	134	22	6	11	1009
838	3	192	21	7	6	615
809	1	210	19	2	6	573
768	8	225	29	4	9	509
1095	93	290	28	9	15	846
814	8	192	11	6	10	603
1052	23	239	17	2	5	812
669	15	156	10	2	4	512
667	17	201	16	6	5	456
202	125	85	15	5	25	197
689	43	212	16	6	8	490
898	19	196	27	4	12	678
789	55	216	21	5	18	584
733	37	261	27	2	18	462
790	40	276	22	8	7	517
833	22	265	27	5	9	549
638	38	285	28	7	15	341
783	56	339	15	11	27	447
1411	81	371	38	5	23	1055
691	21	158	10	4	3	537
586	22	139	15	1	10	443
7	191	11	8	4	19	156
36	33	5	0	1	4	59
42	1021	96	24	14	180	749
315	755	182	30	10	75	773
420	451	239	21	8	129	474
531	203	238	31	9	43	413
632	261	274	22	5	24	568
357	941	157	21	25	55	1040
188	869	207	35	15	130	670
390	900	190	38	19	162	881
75	1080	135	28	15	148	829
292	913	145	26	11	101	922
257	555	204	21	11	100	476
41	59	7	6	6	7	74
